MedInc,HouseAge,AveRooms,AveBedrms,Population,AveOccup,Latitude,Longitude,MedHouseVal
3.1189,43.0,5.055865921787709,0.9972067039106145,1335.0,3.7290502793296088,33.9,-118.21,1.188
1.7014,37.0,2.932,1.058,1835.0,3.67,34.04,-118.34,1.232
5.5,17.0,7.066037735849057,1.069182389937107,973.0,3.059748427672956,32.8,-117.06,2.22
5.5718,20.0,6.458410351201478,1.0147874306839186,1673.0,3.0924214417744915,38.35,-122.32,1.852
5.779,39.0,6.309255079006772,1.0474040632054176,1183.0,2.670428893905192,37.53,-122.32,3.871
3.5076,39.0,4.08,1.0693333333333332,1074.0,2.864,34.03,-118.48,3.818
3.5357,22.0,4.859504132231405,0.9834710743801653,1379.0,3.798898071625344,34.05,-118.09,1.99
2.8967,47.0,4.670329670329671,1.0073260073260073,844.0,3.0915750915750917,37.94,-122.35,0.956
2.5848,52.0,3.8996960486322187,1.0395136778115501,1363.0,4.142857142857143,33.99,-118.28,1.019
5.5684,18.0,6.743099787685775,0.9936305732484076,1296.0,2.751592356687898,37.69,-120.98,1.851
4.5592,25.0,4.651234567901234,1.0401234567901234,4458.0,2.29320987654321,33.81,-118.36,3.788
2.4432,37.0,2.8667992047713717,0.9960238568588469,998.0,1.9840954274353877,34.09,-118.34,2.0
2.1442,35.0,3.4133858267716537,0.9704724409448819,2053.0,4.041338582677166,34.02,-118.16,1.492
2.625,27.0,5.378787878787879,1.0808080808080809,508.0,2.5656565656565657,39.82,-122.11,0.917
5.1014,15.0,6.578947368421052,1.0917559385188635,6456.0,3.0069864927806242,38.12,-122.22,1.795
1.9946,52.0,4.475806451612903,1.086021505376344,815.0,2.1908602150537635,37.86,-122.29,1.569
4.8611,15.0,6.442065491183879,0.9773299748110831,2540.0,3.198992443324937,38.45,-121.83,1.464
3.0469,16.0,5.764227642276423,1.1165311653116532,1104.0,2.991869918699187,39.79,-122.25,0.722
3.9444,18.0,5.422087745839637,1.0816944024205748,1673.0,2.5310136157337366,37.54,-121.99,2.401
6.5901,17.0,6.729400749063671,1.0046816479400749,3844.0,3.599250936329588,33.88,-118.06,3.374
1.8958,12.0,5.823529411764706,1.4705882352941178,37.0,2.176470588235294,33.28,-115.95,0.538
7.9977,20.0,7.169960474308301,1.1146245059288538,658.0,2.600790513833992,37.87,-122.53,4.0
4.825,45.0,5.832797427652733,1.045016077170418,709.0,2.279742765273312,34.05,-118.52,5.00001
3.0319,49.0,4.402272727272727,1.0113636363636365,1339.0,3.043181818181818,33.87,-118.17,1.628
1.6641,43.0,4.628440366972477,1.0321100917431192,604.0,2.770642201834862,38.63,-121.43,0.67
3.495,35.0,4.956521739130435,0.9525691699604744,729.0,2.8814229249011856,34.08,-117.64,1.18
2.8711,48.0,4.419700214132762,1.0364025695931478,1055.0,2.259100642398287,37.76,-122.47,3.296
2.4635,41.0,4.312,1.128,1110.0,2.96,34.04,-118.35,1.694
5.2177,15.0,7.384449244060475,1.0161987041036717,3166.0,3.4190064794816415,38.72,-121.25,1.627
2.7556,26.0,4.701208981001727,1.116580310880829,3700.0,3.1951640759930915,34.23,-119.16,2.132
5.7812,27.0,6.376130198915009,1.0650994575045207,1725.0,3.119349005424955,37.28,-121.98,2.75
5.4858,5.0,5.204488778054863,1.0149625935162094,840.0,2.0947630922693268,37.68,-122.18,1.878
7.7006,52.0,6.607142857142857,1.1071428571428572,150.0,2.6785714285714284,37.97,-122.62,3.167
3.3776,23.0,3.789072426937738,1.0635324015247776,1317.0,1.673443456162643,34.43,-119.75,2.832
4.0833,35.0,4.7898550724637685,0.9299516908212561,1577.0,3.8091787439613527,37.69,-122.46,2.667
2.3575,44.0,3.7475728155339807,1.0679611650485437,3260.0,4.521497919556172,34.02,-118.19,1.448
3.6611,29.0,4.44543429844098,1.089086859688196,960.0,2.138084632516704,34.01,-118.42,3.442
2.3015,39.0,3.487012987012987,1.0487012987012987,1613.0,5.237012987012987,34.04,-118.19,1.317
3.3322,35.0,4.330316742081448,0.8778280542986425,804.0,3.6380090497737556,34.12,-117.9,1.514
7.1262,27.0,7.012727272727273,1.029090909090909,3199.0,2.908181818181818,34.22,-118.31,4.462
1.5174,43.0,4.609004739336493,0.9786729857819905,1492.0,3.5355450236966823,36.76,-119.77,0.546
3.066,17.0,5.346303501945525,1.0817120622568093,1174.0,2.2840466926070038,39.71,-121.71,1.026
4.1667,46.0,2.7142857142857144,0.5714285714285714,66.0,4.714285714285714,33.81,-117.99,1.625
1.6571,31.0,4.289137380191693,1.0782747603833867,1367.0,2.18370607028754,39.15,-123.21,1.089
2.8106,26.0,4.1106719367588935,1.1067193675889329,2096.0,4.142292490118577,33.82,-118.3,1.844
5.6611,42.0,5.932515337423313,1.0736196319018405,481.0,2.950920245398773,33.75,-118.3,2.656
4.0027,13.0,5.785185185185185,1.0098765432098766,1347.0,3.325925925925926,36.75,-119.69,0.931
1.6178,21.0,3.487562189054726,1.2056384742951907,1064.0,1.7645107794361525,33.77,-118.19,1.375
4.3864,32.0,6.58312020460358,1.0869565217391304,1099.0,2.8107416879795397,39.12,-121.63,1.175
3.1923,31.0,5.348697394789579,1.0300601202404809,1626.0,3.258517034068136,32.72,-117.06,1.169
1.9464,36.0,4.975510204081632,1.0530612244897959,639.0,2.6081632653061226,37.12,-120.27,0.57
2.9286,51.0,5.353233830845771,1.0248756218905473,495.0,2.462686567164179,36.98,-122.04,2.583
9.6465,5.0,7.902474526928676,0.9679767103347889,2315.0,3.3697234352256187,34.21,-118.65,5.00001
7.866,36.0,6.656957928802589,1.064724919093851,658.0,2.129449838187702,33.56,-117.79,5.00001
1.4615,28.0,2.1839464882943145,1.065217391304348,2079.0,3.4765886287625416,34.05,-118.28,2.75
4.6758,21.0,5.451063829787234,1.0156028368794325,1850.0,2.624113475177305,37.26,-121.94,2.642
2.6208,52.0,3.8203389830508474,1.088135593220339,1237.0,2.0966101694915253,35.27,-120.65,2.271
4.5306,36.0,4.6209912536443145,0.9416909620991254,1205.0,3.513119533527697,33.93,-118.09,1.834
1.4804,52.0,4.041958041958042,1.1235431235431235,731.0,1.7039627039627039,37.79,-122.45,4.25
4.9239,35.0,5.975609756097561,0.9796747967479674,885.0,3.597560975609756,34.12,-117.89,1.688
8.4196,21.0,7.207476635514019,1.0224299065420561,1422.0,2.6579439252336448,34.15,-118.58,4.507
3.4551,18.0,5.438799076212471,1.0254041570438799,1277.0,2.9491916859122402,32.71,-116.98,1.214
4.2361,35.0,5.340974212034384,1.0229226361031518,1189.0,3.4068767908309456,37.68,-121.76,1.775
5.6876,17.0,6.348265895953757,1.0245664739884393,2292.0,3.3121387283236996,37.27,-121.86,2.465
6.4209,52.0,4.737171464330413,1.0112640801001251,1371.0,1.7158948685857323,37.79,-122.44,5.00001
2.7816,21.0,3.50453720508167,1.0762250453720508,2773.0,2.516333938294011,34.09,-118.13,1.882
2.6518,40.0,5.573717948717949,1.0192307692307692,744.0,2.3846153846153846,38.29,-122.3,1.561
4.4653,33.0,5.872909698996655,1.0568561872909699,1971.0,3.2959866220735785,34.02,-117.98,1.932
1.3929,52.0,5.0,0.9534883720930233,126.0,2.9302325581395348,37.92,-122.36,1.042
6.0247,41.0,6.302816901408451,1.2711267605633803,540.0,1.9014084507042253,33.61,-117.89,5.00001
2.3424,31.0,4.0852713178294575,0.9767441860465116,1032.0,4.0,34.07,-118.09,1.885
5.6112,20.0,5.417536534446764,0.8935281837160751,1751.0,3.6555323590814197,34.03,-118.12,3.08
4.6649,24.0,5.631703470031546,1.0488958990536277,3418.0,2.695583596214511,33.72,-118.04,2.378
4.9091,9.0,5.243243243243243,1.137214137214137,1591.0,3.3076923076923075,37.39,-121.87,2.597
3.8295,13.0,6.186046511627907,1.0046511627906978,719.0,3.344186046511628,32.72,-116.99,1.496
4.0217,9.0,5.804577464788732,1.0,1749.0,3.079225352112676,36.09,-119.05,0.992
1.6575,35.0,5.588652482269503,1.4361702127659575,870.0,3.0851063829787235,35.32,-118.99,0.595
5.584,13.0,7.302127659574468,1.097872340425532,1286.0,2.7361702127659573,38.67,-120.98,1.866
3.5859,17.0,4.0,1.0094562647754137,903.0,2.1347517730496453,33.67,-117.99,2.625
8.1926,15.0,7.429495472186288,1.0,2380.0,3.0789133247089264,33.64,-117.7,3.266
2.1573,28.0,4.826013513513513,1.0456081081081081,1614.0,2.7263513513513513,36.79,-119.74,0.714
1.5982,20.0,6.124015748031496,1.2263779527559056,1000.0,1.968503937007874,33.74,-116.88,1.4
3.0588,37.0,4.914798206278027,1.0201793721973094,1515.0,3.396860986547085,32.72,-117.03,1.206
2.0119,17.0,5.388781431334623,1.081237911025145,1528.0,2.955512572533849,40.66,-122.36,0.758
5.6385,26.0,6.4914529914529915,1.0,1825.0,3.8995726495726495,34.26,-118.77,1.969
2.25,15.0,6.11214953271028,1.2554517133956387,730.0,2.2741433021806854,35.68,-118.06,0.675
6.1949,26.0,6.844978165938865,1.0480349344978166,1474.0,3.2183406113537116,34.19,-118.86,2.435
5.0838,20.0,6.116037735849057,1.0075471698113208,3526.0,3.3264150943396227,37.54,-122.06,2.482
5.2174,5.0,7.306956521739131,1.0782608695652174,3962.0,3.445217391304348,33.95,-117.21,1.555
3.017,31.0,5.036559139784946,0.9440860215053763,1411.0,3.0344086021505374,36.55,-119.38,0.72
10.3354,5.0,8.8300395256917,1.0118577075098814,894.0,3.533596837944664,32.91,-117.07,4.776
1.2375,35.0,4.459915611814346,1.0675105485232068,2050.0,4.324894514767933,36.75,-119.78,0.5
3.6201,21.0,4.666219839142091,1.0831099195710456,1866.0,2.5013404825737267,34.11,-117.81,1.504
3.0352,27.0,4.9650092081031305,1.14548802946593,1322.0,2.434622467771639,34.64,-120.45,1.354
3.1062,29.0,4.6183206106870225,1.0725190839694656,863.0,3.2938931297709924,36.92,-121.74,1.56
2.1484,52.0,5.1923076923076925,1.3076923076923077,93.0,3.576923076923077,37.72,-122.39,1.813
9.0267,16.0,8.569131832797428,1.257234726688103,794.0,2.553054662379421,34.43,-119.61,5.00001
4.8831,15.0,6.74512987012987,1.0340909090909092,1722.0,2.7954545454545454,38.4,-121.38,1.544
2.8472,44.0,5.169741697416974,0.9077490774907749,607.0,2.2398523985239853,34.18,-118.17,2.188
4.1026,25.0,3.5496828752642706,0.9936575052854123,1314.0,2.778012684989429,33.65,-117.92,2.115
